Webots Project File version R2023a
perspectives: 000000ff00000000fd0000000200000001000002ef00000260fc0200000001fb0000001400540065007800740045006400690074006f00720100000016000002600000008700ffffff000000030000078000000164fc0100000001fb0000001a0043006f006e0073006f006c00650041006c006c0041006c006c0100000000000007800000006900ffffff0000048f0000026000000001000000020000000100000008fc00000000
simulationViewPerspectives: 000000ff000000010000000200000153000004df0100000002010000000101
sceneTreePerspectives: 000000ff00000001000000030000001e000000c0000000fa0100000002010000000201
maximizedDockId: -1
centralWidgetVisible: 1
orthographicViewHeight: 1
textFiles: 1 "controllers/robot_controller/robot_controller.py" "controllers/speaker_controller/speaker_controller.c" "controllers/controller/controller.c" "controllers/my_controller/my_controller.c" "protos/Building.proto" "C:/Users/nikbe/AppData/Local/Temp/webots-1234/generated_protos/RectangleArena.generated_proto"
globalOptionalRendering: DistanceSensorRays
consoles: Console:All:All
renderingDevicePerspectives: e-puck:camera(1);1;0.287963;0.621065;0.167539
